Date,Open,High,Low,Close,Volume,OpenInt
2012-01-03,8.25,8.3,7.5,7.55,6364,0
2012-01-04,7.75,8.15,7.7,7.85,6287,0
2012-01-05,8.05,9.2,7.55,8.5,6839,0
2012-01-06,8.95,9.15,8.5,8.65,4881,0
2012-01-09,9,9,8.55,8.75,2906,0
2012-01-10,8.9,10.5,8.55,9.05,7607,0
2012-01-11,9.45,9.45,8.8,9.05,4188,0
2012-01-12,9,9.25,8.75,9,1040,0
2012-01-13,9.45,11.4,7.8,9,1852,0
2012-01-17,9.75,9.75,8.7,8.95,1321,0
2012-01-18,8.6,9.7,8.6,9.7,1924,0
2012-01-19,8.95,10.7,8.95,10.7,5184,0
2012-01-20,10.65,10.65,9.8,10.1,3102,0
2012-01-23,9.8,9.85,9.2,9.8,2306,0
2012-01-24,9.6,9.9,8.9,8.9,8026,0
2012-01-25,9.3,10.75,9,10.7,4410,0
2012-01-26,10.5,10.5,9.3,9.5,3726,0
2012-01-27,9.3,10.2,9.25,9.75,1844,0
2012-01-30,9.5,10.35,9.5,10.35,2247,0
2012-01-31,9.65,10.3,9.5,10.25,3421,0
2012-02-01,10.25,10.25,10.05,10.1,4005,0
2012-02-02,10.05,10.5,9.95,10.2,6567,0
2012-02-03,10.2,10.95,10.1,10.5,6516,0
2012-02-06,10.85,10.95,10.5,10.95,3430,0
2012-02-07,10.9,11.1,10.35,10.5,8813,0
2012-02-08,10.5,10.9,10.25,10.4,4623,0
2012-02-09,10.5,11,10.4,11,1477,0
2012-02-10,10.75,11.05,9.8,10.2,11874,0
2012-02-13,10.2,10.8,10.1,10.75,4194,0
2012-02-14,10.85,11.45,10.85,11.2,5819,0
2012-02-15,11.25,11.5,10.95,11.3,7621,0
2012-02-16,11.45,11.85,11.3,11.85,607,0
2012-02-17,11.95,12.45,11.05,11.85,9686,0
2012-02-21,12.4,12.4,12,12.35,3269,0
2012-02-22,12.25,12.35,12.1,12.1,558,0
2012-02-23,12.15,12.15,11.5,11.9,3150,0
2012-02-24,12.15,12.45,11.9,12.45,2876,0
2012-02-27,12.45,13.5,12.45,13.45,11102,0
2012-02-28,13.35,15.45,13.15,15,15008,0
2012-02-29,15.4,15.65,14.25,14.6,12998,0
2012-03-01,14.7,14.75,13.75,13.8,7649,0
2012-03-02,14.95,14.95,13.5,13.65,3014,0
2012-03-05,13.65,13.65,12.7,13.3,7039,0
2012-03-06,13.4,13.4,11.75,12.9,11907,0
2012-03-07,12.55,13,12.5,12.5,2240,0
2012-03-08,12.75,12.85,12.4,12.75,1804,0
2012-03-09,13.55,13.75,12.8,13.25,9909,0
2012-03-12,14.05,14.05,12.35,12.5,7971,0
2012-03-13,12.5,13.2,12.25,12.65,5798,0
2012-03-14,12.15,12.75,12.15,12.5,2123,0
2012-03-15,12.65,13.4,12.6,13.1,14235,0
2012-03-16,13.1,13.25,12.25,12.75,3641,0
2012-03-19,13.05,13.05,12.4,12.5,7181,0
2012-03-20,12.5,12.7,12.25,12.5,1785,0
2012-03-21,12.5,12.65,12.35,12.5,1725,0
2012-03-22,11.65,12.45,11.65,12.35,1731,0
2012-03-23,12.4,12.4,12.25,12.3,1201,0
2012-03-26,12.25,12.3,11.6,11.6,11519,0
2012-03-27,11.75,11.85,11.05,11.1,4312,0
2012-03-28,11.25,11.3,10.95,11.15,1586,0
2012-03-29,10.95,12.2,10.95,12.2,2831,0
2012-03-30,11.95,12.196,11.25,11.3,4098,0
2012-04-02,12.2,12.2,11.25,11.35,3207,0
2012-04-03,11.65,11.65,11,11.25,496,0
2012-04-04,11.05,11.25,10.3,10.7,4046,0
2012-04-05,10.75,11.15,10.5,10.9,3267,0
2012-04-09,10.3,10.4,9.85,10,6373,0
2012-04-10,9.8,10.2,9.65,10,5088,0
2012-04-11,10.15,11.4,10.15,11,4440,0
2012-04-12,10.95,10.95,9.95,10.35,2044,0
2012-04-13,10,10.35,9.95,10.25,1598,0
2012-04-16,10.1,10.3,9.95,10,11604,0
2012-04-17,10.15,10.9,9.95,10.5,4614,0
2012-04-18,10.65,13,10.3,11.25,9975,0
2012-04-19,11.45,11.95,11.2,11.25,4057,0
2012-04-20,11.3,11.3,10.85,11.1,3791,0
2012-04-23,10.95,11.35,10.3,10.55,3076,0
2012-04-24,10.6,11.7,10.4,11.7,3391,0
2012-04-25,11.5,11.8,11.1,11.15,2221,0
2012-04-26,10.85,11.65,10.3,11.65,4377,0
2012-04-27,11.5,11.6,10.85,11.55,1729,0
2012-04-30,11.35,11.45,10.8,11.245,5275,0
2012-05-01,11.15,11.75,10.8,11.5,7778,0
2012-05-02,11.75,11.75,10.8,11.65,4551,0
2012-05-03,11.4,11.4,11.1,11.3,164,0
2012-05-04,10.9,11.25,10.9,11.2,1688,0
2012-05-07,11,11,10.9,10.9,2687,0
2012-05-08,10.9,10.95,10.8,10.9,1735,0
2012-05-09,11.85,11.85,10.8,10.9,1599,0
2012-05-10,10.8,11,10.75,10.8,1350,0
2012-05-11,10.85,11.4,10.25,11,3913,0
2012-05-14,10.65,10.65,10.15,10.5,4574,0
2012-05-15,10.95,10.95,10,10.5,10797,0
2012-05-16,10.1,10.2,9.95,10,5203,0
2012-05-17,10.15,10.15,9.6,9.95,2533,0
2012-05-18,9.8,10.1,9.6,10,2343,0
2012-05-21,10,10,9.55,9.85,1447,0
2012-05-22,9.6,10.2,9.6,9.8,3095,0
2012-05-23,9.8,10.15,9.5,9.5,1576,0
2012-05-24,9.9,10,9.55,10,2466,0
2012-05-25,9.95,10.05,9.75,9.95,602,0
2012-05-29,9.9,10.75,9.8,10.5,801,0
2012-05-30,10.2,10.75,9.9,10.1,3318,0
2012-05-31,9.9,10.35,9.9,10.31,4118,0
2012-06-01,10.3,10.3,9.9,10,3169,0
2012-06-04,9.95,10.1,9.85,10.1,6550,0
2012-06-05,9.8,9.9,9.25,9.75,4578,0
2012-06-06,9.8,10,9.7,9.95,4266,0
2012-06-07,9.7,10,9.7,10,717,0
2012-06-08,9.75,10,9.7,9.8,779,0
2012-06-11,10.3,10.35,10,10,877,0
2012-06-12,10,10,9.8,10,2337,0
2012-06-13,10.05,10.25,9.5,10,1633,0
2012-06-14,9.9,10,9.5,9.95,787,0
2012-06-15,9.75,10,9.5,9.7,565,0
2012-06-18,9.6,9.75,9.5,9.65,1577,0
2012-06-19,9.65,10,9.25,9.9,1098,0
2012-06-20,9.85,9.9,9.7,9.7,320,0
2012-06-21,9.25,9.75,9.25,9.4,550,0
2012-06-22,9.45,10,9.4,10,9500,0
2012-06-25,9.95,10,9.4,9.45,1690,0
2012-06-26,9.7,9.95,9.45,9.95,2600,0
2012-06-27,9.7,10.35,9.4,9.5,2938,0
2012-06-28,9.5,9.7,9.3,9.55,2524,0
2012-06-29,9.5,9.744,9.25,9.391,2163,0
2012-07-02,9.3,9.6,9,9,1482,0
2012-07-03,9.45,9.45,9,9,647,0
2012-07-05,9,9.45,8.75,9.391,691,0
2012-07-06,9.15,9.4,9,9.35,263,0
2012-07-09,8.9,9.45,8.75,8.8,3922,0
2012-07-10,9.45,9.5,8.75,9.35,1780,0
2012-07-11,9.55,9.55,9.1,9.3,1046,0
2012-07-12,9.1,9.5,8.75,9,1219,0
2012-07-13,9,9.0055,8.77,8.95,1283,0
2012-07-16,8.95,9.2,8.95,9.2,360,0
2012-07-17,9.2,9.241,8.8,9.241,1088,0
2012-07-18,9,9.2445,8.75,8.8,1205,0
2012-07-19,8.85,8.95,8.8,8.9,200,0
2012-07-20,8.6,8.891,8.55,8.841,1533,0
2012-07-23,8.8,8.95,8.6,8.95,3080,0
2012-07-24,8.9,8.991,8.9,8.991,1273,0
2012-07-25,8.85,8.95,8.25,8.25,2241,0
2012-07-26,8.35,8.6,8.35,8.6,480,0
2012-07-27,8.35,8.8,8.05,8.199,2508,0
2012-07-30,8.25,8.85,8.2,8.75,393,0
2012-07-31,8.5,8.75,8.35,8.695,315,0
2012-08-01,8.55,8.7,8.45,8.5,2341,0
2012-08-02,8.45,8.7495,8.45,8.74,1191,0
2012-08-03,8.65,8.85,8.5,8.55,1518,0
2012-08-06,8.76,8.9945,8.5,8.9945,587,0
2012-08-07,8.95,9.45,8.55,9.24,3885,0
2012-08-08,9.25,9.39,8.6115,9.3,2472,0
2012-08-09,9,9.4,8.65,9.0495,481,0
2012-08-10,8.9,9.2995,8.9,9,193,0
2012-08-13,8.8,8.8,8.35,8.45,2018,0
2012-08-14,8.45,8.5,8.05,8.3,1202,0
2012-08-15,8,8.4,7.55,7.75,2579,0
2012-08-16,7.75,8.1555,7.75,8,1018,0
2012-08-17,7.75,8.095,7.5,7.65,2313,0
2012-08-20,7.6995,7.9945,7.6,7.75,2768,0
2012-08-21,7.7,7.7,7.6,7.6125,1540,0
2012-08-22,7.75,7.975,7.75,7.975,257,0
2012-08-23,8.05,8.45,7.7555,8.05,1150,0
2012-08-24,8.05,8.05,7.75,8.05,692,0
2012-08-27,7.75,8.3,7.75,8.2,3018,0
2012-08-28,8.35,8.35,8,8.2445,704,0
2012-08-29,8.25,10.25,8.25,9.75,27313,0
2012-08-30,9.85,10.5,9.75,10,5533,0
2012-08-31,10.15,10.35,9.8,9.8,3188,0
2012-09-04,10,10.5,8.95,9.949,2016,0
2012-09-05,9.2,10.5,8.5,10.45,5267,0
2012-09-06,10,10,9.095,9.45,1495,0
2012-09-07,9.5,9.8,9.4,9.45,952,0
2012-09-10,9.5,9.5,9,9,1957,0
2012-09-11,9.45,9.45,9,9.3415,4708,0
2012-09-12,9.4,9.4,9,9.2,1052,0
2012-09-13,9.4,9.75,8.9,8.9,2997,0
2012-09-14,9,9.145,8.8,9.145,554,0
2012-09-17,9.25,9.25,8.5,8.75,2540,0
2012-09-18,8.6,9.25,8.5,9.195,6118,0
2012-09-19,8.85,9.1495,8.5505,9.095,1847,0
2012-09-20,9,9.3,8.9,9.25,3350,0
2012-09-21,8.65,9.1495,8.35,8.35,6416,0
2012-09-24,8.45,8.95,8.45,8.8,3218,0
2012-09-25,8.75,8.85,8.45,8.75,639,0
2012-09-26,8.5,8.5005,8.35,8.4,1218,0
2012-09-27,8.35,8.65,8.3,8.6415,5016,0
2012-09-28,8.4,8.5,8.3,8.302,1347,0
2012-10-01,8.6,8.7495,8.5,8.7495,1475,0
2012-10-02,8.9,8.9,8.3,8.45,3523,0
2012-10-03,8.3,8.4995,8.1,8.25,2013,0
2012-10-04,8.4,8.45,8.1,8.4,1270,0
2012-10-05,8.3,8.3995,8.0505,8.3915,2028,0
2012-10-08,8.25,8.3,8,8.2,2203,0
2012-10-09,8.15,8.1995,8,8,2437,0
2012-10-10,8.01,8.01,7.9,7.9,2625,0
2012-10-11,7.85,7.9,7.7,7.7,6292,0
2012-10-12,7.65,7.8,7.65,7.7,17279,0
2012-10-15,7.9,7.9,7.6,7.7,1059,0
2012-10-16,7.6,7.85,7.6,7.85,3017,0
2012-10-17,7.65,8.2445,7.6,7.75,7879,0
2012-10-18,7.6,7.8495,7.5,7.8495,2193,0
2012-10-19,7.85,7.85,7.5,7.691,1678,0
2012-10-22,7.55,7.6915,7.5,7.65,1308,0
2012-10-23,7.5,7.65,7.5,7.55,3806,0
2012-10-24,7.5,7.936,7.5,7.7,513,0
2012-10-25,7.6,8,7.5,7.9,1300,0
2012-10-26,7.95,8.25,7.9,8.25,2506,0
2012-10-31,8.4,8.45,7.635,8,4250,0
2012-11-01,7.75,8,7.55,7.65,6236,0
2012-11-02,7.8,8.3495,7.8,8.2,1156,0
2012-11-05,8,8.35,7.5,8.3,8157,0
2012-11-06,8,8.25,7.65,7.75,3836,0
2012-11-07,7.75,8,7.6,7.95,4179,0
2012-11-08,8.05,8.4,8,8.341,5550,0
2012-11-09,8.15,9.5,8.15,9.45,7362,0
2012-11-12,9.45,9.45,8.5,9.45,2181,0
2012-11-13,8.9005,9.3495,8.8505,9.3495,397,0
2012-11-14,9.2495,9.25,8.7,9.225,2353,0
2012-11-15,8.8,9.1,8.05,9.1,2072,0
2012-11-16,8.3,9.25,8.3,8.75,1080,0
2012-11-19,8.75,8.75,8.25,8.4,185,0
2012-11-20,8.45,8.45,8.4,8.449,694,0
2012-11-21,8.25,8.25,7.55,8.05,8728,0
2012-11-23,7.65,8.1,7.6,7.9,620,0
2012-11-26,7.65,8.15,7.6,8.15,2079,0
2012-11-27,7.85,9.3,7.6,9.3,9034,0
2012-11-28,8.5005,9.2,8.5,9.15,2346,0
2012-11-29,8.85,9.2285,8.5,8.55,2287,0
2012-11-30,8.95,9.3,8.65,9.3,4120,0
2012-12-03,9.296,9.3,8.685,9.3,1541,0
2012-12-04,8.5505,9.45,8.5505,9.45,2233,0
2012-12-05,8.6505,9.35,8.6505,8.926,1535,0
2012-12-06,9,9.11,8.3,8.55,2267,0
2012-12-07,8.55,9.075,8.4,8.5,339,0
2012-12-10,8.45,9.25,8.05,8.15,2717,0
2012-12-11,8.25,8.5,8.05,8.05,1864,0
2012-12-12,8.15,8.5,8,8.05,1929,0
2012-12-13,8,9,7.75,9,3361,0
2012-12-14,8.8,10.4,8.2,10.4,21313,0
2012-12-17,10.05,11,9.05,9.1,18239,0
2012-12-18,9.5,9.75,8.55,9.541,9114,0
2012-12-19,9.6,9.6,8.75,8.75,733,0
2012-12-20,9.1495,11,9.1,9.926,18272,0
2012-12-21,10,10.75,9.65,9.65,6980,0
2012-12-24,10.05,10.3,9.17,10.264,2417,0
2012-12-26,10.45,10.741,10,10.1,5177,0
2012-12-27,10.05,10.05,9.55,9.88,3475,0
2012-12-28,10.05,11,9.85,10.95,21037,0
2012-12-31,11.6,12.15,10,11,19216,0